0 0.248046875 0.195052084375 0.24609375 0.151055371875 0.2509765625 0.1437225875 0.271484375 0.14225603125 0.23828125 0.11585800312500001 0.236328125 0.0366639265625 0.2197265625 0.005866228124999999 0.2001953125 0.0087993421875 0.1796875 0.0630619515625 0.19140625 0.16572094375 0.19140625 0.20091831249999997 0.1943359375 0.20825109687499999 0.201171875 0.206784540625 0.2021484375 0.14958881562499998 0.2275390625 0.196518640625 0.2412109375 0.20238486875 0.248046875 0.195052084375
0 0.1416015625 0.9063322375 0.1572265625 0.9033991234375 0.1689453125 0.8711348687499999 0.1806640625 0.877001096875 0.189453125 0.8667351968749999 0.1875 0.8462033999999999 0.166015625 0.819805371875 0.15625 0.7904742312499999 0.1640625 0.7464775234375 0.16796875 0.6790158984375 0.103515625 0.4238349796875 0.08203125 0.3857044953125 0.064453125 0.3299753296875 0.048828125 0.29771107343750003 0.0224609375 0.269846490625 0.0009765625 0.26691337656249997 0 0.6115542765625 0.015625 0.6262198453125001 0.0703125 0.8051398031250001 0.0546875 0.840337171875 0.05859375 0.9195312484375 0.07421875 0.9547286171874999 0.08984375 0.9693941890625 0.09375 0.9928591015625001 0.103515625 0.9957922140625 0.111328125 0.9781935296875 0.109375 0.9400630484375 0.1220703125 0.9385964906250001 0.1416015625 0.9063322375
0 0.2958984375 0.8476699562500001 0.3095703125 0.8476699562500001 0.322265625 0.8286047156249999 0.337890625 0.784608003125 0.33984375 0.749410634375 0.3125 0.6936814703125 0.296875 0.6760827859375 0.30859375 0.6614172140625 0.306640625 0.6027549328124999 0.287109375 0.564624453125 0.267578125 0.4883634875 0.216796875 0.3651726984375 0.1904296875 0.32557565781250003 0.1572265625 0.2903782890625 0.1064453125 0.287445175 0.083984375 0.3094435296875 0.072265625 0.3475740140625 0.083984375 0.3827713828125 0.107421875 0.426768090625 0.15234375 0.5910224765625001 0.169921875 0.6731496703125 0.177734375 0.6878152421875 0.166015625 0.7171463828125 0.166015625 0.7406112953124999 0.158203125 0.772875546875 0.16015625 0.799273575 0.1728515625 0.8242050437499999 0.2109375 0.86086896875 0.2255859375 0.912198465625 0.244140625 0.9136650203125001 0.2587890625 0.9063322375 0.271484375 0.887266996875 0.2880859375 0.8388706140625001 0.2958984375 0.8476699562500001
0 0.560546875 0.8139391437500001 0.5537109375 0.8124725875 0.5322265625 0.8271381578125 0.52734375 0.852069628125 0.546875 0.9253974765624999 0.5595703125 0.9385964906250001 0.56640625 0.9371299328125 0.572265625 0.9253974765624999 0.578125 0.887266996875 0.576171875 0.855002740625 0.560546875 0.8139391437500001
0 0.513671875 0.8638020843750001 0.517578125 0.8462033999999999 0.5107421875 0.8418037281249999 0.4873046875 0.8506030703125 0.474609375 0.8286047156249999 0.46875 0.7787417750000001 0.4619140625 0.771408990625 0.4208984375 0.771408990625 0.4091796875 0.783141446875 0.40625 0.769942434375 0.3974609375 0.7596765343749999 0.3681640625 0.7567434203125 0.373046875 0.8080729156249999 0.384765625 0.8462033999999999 0.3955078125 0.8564692984375 0.40234375 0.855002740625 0.3984375 0.9165981375 0.404296875 0.9400630484375 0.4228515625 0.9649945171875001 0.4580078125 0.99139254375 0.470703125 0.9928591015625001 0.4814453125 0.9767269734375 0.5068359375 0.973793859375 0.515625 0.9576617328125 0.513671875 0.8638020843750001
0 0.421875 0.5880893656249999 0.4697265625 0.53675986875 0.4765625 0.52356085625 0.4765625 0.5118284 0.45703125 0.45903234687500005 0.431640625 0.4179687515625 0.408203125 0.3593064703125 0.3486328125 0.269846490625 0.3349609375 0.2610471484375 0.3095703125 0.2610471484375 0.2763671875 0.28157894687499996 0.26171875 0.3065104171875 0.255859375 0.33877467031249997 0.2578125 0.4121025234375 0.265625 0.47076480312499996 0.28125 0.52356085625 0.318359375 0.59395559375 0.326171875 0.6496847578125 0.33984375 0.6878152421875 0.34765625 0.6907483546875001 0.3505859375 0.6775493421875 0.3759765625 0.66875 0.4052734375 0.6335526312499999 0.421875 0.5880893656249999
0 0.6650390625 0.7303453953125 0.658203125 0.7552768624999999 0.658203125 0.8022066875 0.6767578125 0.8418037281249999 0.6865234375 0.8506030703125 0.697265625 0.8491365125 0.703125 0.8432702843750001 0.703125 0.8256716000000001 0.685546875 0.7435444062500001 0.6650390625 0.7303453953125
0 0.6240234375 0.39303728125 0.6005859375 0.3725054828125 0.5517578125 0.3021107453125 0.4814453125 0.2375822375 0.4580078125 0.23464912343750002 0.4287109375 0.24638157968750002 0.40625 0.2654468203125 0.396484375 0.3006441890625 0.39453125 0.33290844218750004 0.41796875 0.3739720390625 0.4375 0.4238349796875 0.4609375 0.461965459375 0.4765625 0.505962171875 0.4814453125 0.51329495625 0.490234375 0.5118284 0.5966796875 0.45169956093749997 0.6376953125 0.43996710468750005 0.640625 0.4238349796875 0.6240234375 0.39303728125
0 0.8056640625 0.6364857453125 0.77734375 0.6643503296875 0.8017578125 0.7068804828124999 0.8232421875 0.72741228125 0.837890625 0.7259457234375 0.8515625 0.7112801546874999 0.8447265625 0.615953946875 0.8232421875 0.6335526312499999 0.8056640625 0.6364857453125
0 0.6884765625 0.2903782890625 0.6533203125 0.2551809203125 0.6103515625 0.22584978125 0.5673828125 0.22584978125 0.5634765625 0.219983553125 0.544921875 0.253714365625 0.537109375 0.2859786171875 0.5595703125 0.3079769734375 0.5947265625 0.363706140625 0.6201171875 0.38423793906250003 0.6474609375 0.4341008765625 0.65234375 0.43263431875 0.7275390625 0.38423793906250003 0.734375 0.3739720390625 0.73046875 0.3534402421875 0.6884765625 0.2903782890625
0 0.6767578125 0.7303453953125 0.693359375 0.7552768624999999 0.6953125 0.8139391437500001 0.6982421875 0.818338815625 0.701171875 0.8080729156249999 0.708984375 0.8579358562499999 0.708984375 0.9195312484375 0.7314453125 0.9063322375 0.744140625 0.8667351968749999 0.740234375 0.799273575 0.76171875 0.6702165578125 0.7666015625 0.662883771875 0.7802734375 0.6658168859375 0.7900390625 0.6482182015625 0.8447265625 0.6188870609375 0.8779296875 0.5866228062500001 0.884765625 0.5910224765625001 0.8828125 0.6203536171875 0.859375 0.7054139265625 0.8701171875 0.709813596875 0.8779296875 0.70394736875 0.896484375 0.6760827859375 0.912109375 0.59395559375 0.9150390625 0.5866228062500001 0.9228515625 0.5866228062500001 0.9375 0.6086211609375 0.943359375 0.6320860734375 0.9453125 0.7552768624999999 0.9521484375 0.7596765343749999 0.966796875 0.7406112953124999 0.974609375 0.7054139265625 0.970703125 0.6614172140625 0.974609375 0.5763569093750001 0.966796875 0.552891996875 0.966796875 0.532360196875 0.98046875 0.3886376109375 0.9765625 0.3563733546875 0.9580078125 0.31677631562499997 0.8994140625 0.29917763124999996 0.8447265625 0.31091008750000004 0.7802734375 0.3431743421875 0.7431640625 0.36957236875 0.7216796875 0.39303728125 0.6474609375 0.43996710468750005 0.5908203125 0.4575657890625 0.5302734375 0.48983004374999994 0.4775390625 0.5279605265625 0.4638671875 0.548492325 0.4345703125 0.5748903515625 0.4072265625 0.6335526312499999 0.3740234375 0.6716831140624999 0.349609375 0.6819490140625 0.3515625 0.7112801546874999 0.3681640625 0.75087719375 0.3955078125 0.75381030625 0.4189453125 0.771408990625 0.4521484375 0.771408990625 0.455078125 0.793407346875 0.4619140625 0.7978070171875 0.46875 0.793407346875 0.4697265625 0.771408990625 0.47265625 0.81100603125 0.4892578125 0.8476699562500001 0.4990234375 0.8476699562500001 0.5380859375 0.818338815625 0.5537109375 0.818338815625 0.548828125 0.8139391437500001 0.5634765625 0.806606359375 0.576171875 0.78754111875 0.58203125 0.7347450671875 0.6005859375 0.7362116234375 0.607421875 0.7640762062500001 0.609375 0.8344709437500001 0.603515625 0.8667351968749999 0.5859375 0.9165981375 0.5888671875 0.9327302625 0.599609375 0.9312637046875001 0.62890625 0.898999453125 0.65234375 0.781674890625 0.6572265625 0.72741228125 0.6767578125 0.7303453953125