0 0.5269926265625 0.5170698046875 0.5574416921875 0.510040084375 0.5760285781250001 0.4950418484375 0.5819521765625 0.4816287734375 0.5892486171875 0.42640868281250005 0.5819072359375 0.377244778125 0.5565357171875001 0.27603110468750003 0.554030959375 0.239134471875 0.547219803125 0.231338225 0.541510603125 0.23265629687499997 0.5366174953125 0.259215359375 0.546305721875 0.318544565625 0.5422851890625 0.3315182828125 0.5005456781250001 0.2983261484375 0.485464078125 0.29377767499999996 0.48151501249999995 0.302719725 0.47778034687500004 0.2995667734375 0.4527246546875 0.251815759375 0.44757220468750003 0.18608582812500002 0.4342507390625 0.18916133125 0.42825567500000006 0.20660607187500002 0.42784185625 0.2655907421875 0.44103537031249995 0.3053732390625 0.432636975 0.3514790125 0.41718306250000003 0.332294209375 0.400770128125 0.295931753125 0.390209325 0.2501878890625 0.379449103125 0.2513336921875 0.3735255046875 0.2647467671875 0.4203194734375 0.4761161625 0.42654391875000003 0.4813710859375 0.43796231875 0.478734940625 0.49170693906249996 0.5118322531249999 0.5269926265625 0.5170698046875
0 0.72279408125 0.4839109828125 0.70901385625 0.4415871578125 0.7033761234375 0.4388735640625 0.7025035468749999 0.45245890781250003 0.6904119890625 0.42179072968750003 0.6644837203125 0.3876250609375 0.6563562093749999 0.382809496875 0.6442796328125 0.38693598281249997 0.6407743453125 0.40648269531250003 0.6442946140625 0.42173065000000004 0.6340646171875 0.46424411093750007 0.6488603515625 0.48491925625 0.64579884375 0.5150706265625 0.6522526671875 0.5430252109375 0.6796552046875 0.6009415265625 0.6958387593750001 0.61460431875 0.71780298125 0.6229173734375 0.72922138125 0.620281228125 0.74722155625 0.602741665625 0.7527013765625 0.57872393125 0.7399366609375 0.5147514281250001 0.72279408125 0.4839109828125
0 0.372787753125 0.5914840984375 0.3659201109375 0.6225141843750001 0.36680766875000004 0.6437235046875001 0.3568635375 0.670110296875 0.3678531390625 0.69166415625 0.3852101171875 0.7104096 0.41215389375000006 0.7229265921875 0.47964877968749997 0.7287583984375 0.503215221875 0.7179640984375 0.535409440625 0.6837636921875 0.537812771875 0.6551026625 0.531358946875 0.6271480781250001 0.5271090359375 0.6174221328125 0.5127570796875001 0.6073516484375 0.49296680937500004 0.5476779031250001 0.48476783125 0.5468940078125 0.4815484109375 0.5503140484375 0.4910072578125 0.5869435937499999 0.47877276718750006 0.5643387484375 0.4750381 0.561185796875 0.46925743437499995 0.5665355359375 0.47658383437499996 0.5809047765625001 0.477542859375 0.5980824328125001 0.4306958390625 0.6035443593750001 0.4121089515625 0.6185425953125 0.40206339375000005 0.579371725 0.3945225953125 0.5770974890625 0.3917469515625 0.5911221890625 0.37929806250000003 0.5806123484375 0.372787753125 0.5914840984375
0 0.3296189140625 0.6389253109374999 0.347589128125 0.55179641875 0.3451708171875 0.5456627828125 0.3300177515625 0.5451459765625 0.32913019375 0.5239366546875 0.31353334843749997 0.5128151859375001 0.30401801562499997 0.5150119734375 0.2753440671875 0.5644603375 0.27125206875 0.5814657234375 0.2545682484375 0.5960246015624999 0.240287759375 0.58192245 0.2196249109375 0.5358340484374999 0.210323978125 0.5259358328125 0.2058596671875 0.5283048906250001 0.22550700468749998 0.5960419703125 0.20816500625 0.612091190625 0.200022515625 0.5724809640624999 0.1962878484375 0.569328009375 0.1905071828125 0.5746777515625 0.1991649203125 0.6208609734375 0.195802565625 0.6323443484375 0.19962367812499998 0.666260296875 0.221317015625 0.7254946859375 0.23501079374999997 0.7370555109375 0.24760261562500002 0.73950201875 0.2622404359375 0.73344583125 0.3111184734375 0.6846865453125 0.3296189140625 0.6389253109374999
0 0.3681090421875 0.60594815625 0.3524257515625 0.5640636906250001 0.34861961875 0.5649424062499999 0.330205625 0.6414666375 0.3149960734375 0.6797761625 0.3204908734375 0.6905530921875 0.34845016093750003 0.6814214046875 0.36417495781250003 0.6496848703125 0.3681090421875 0.60594815625
0 0.1968330546875 0.6454903328125 0.19053714375 0.64426708125 0.1940723921875 0.6943097 0.20639332968750002 0.747677540625 0.22506666250000001 0.7634423031249999 0.242638040625 0.770092746875 0.26606155 0.76736178125 0.2846484359375 0.7523635453125 0.2996435890625 0.726149021875 0.2999294546875 0.7100223531250001 0.2937050109375 0.7047674328125 0.25521488125 0.7377445875 0.2306179484375 0.7353929 0.2151640375 0.7162080984375 0.206077503125 0.69421488125 0.1968330546875 0.6454903328125
0 0.15213346249999998 0.7080072328125 0.1400419046875 0.67733905625 0.1360928390625 0.6862811046874999 0.1432763078125 0.7087136796875 0.1469544875 0.7506929640625 0.16884724375 0.763037684375 0.20324537343750002 0.747065915625 0.1933427484375 0.6998317078125 0.179434571875 0.7003658859375 0.17408270312500002 0.681525621875 0.1743120828125 0.704225284375 0.1685314171875 0.709575025 0.15923048281250002 0.6996768109375 0.1584143921875 0.6744358218750001 0.1532204375 0.6823268875 0.15213346249999998 0.7080072328125
0 0.188035821875 0.785375440625 0.20326035468749998 0.7818605796875 0.2144493734375 0.7565247734375 0.2101279953125 0.75083049375 0.19687799687500002 0.749874328125 0.16057680000000002 0.76628545625 0.188035821875 0.785375440625
0 0.2950513265625 0.7713760796875 0.3140819921875 0.7669825046875001 0.327546390625 0.7558436656249999 0.3353730546875 0.741991234375 0.3344854984375 0.7207819125 0.3404805625 0.7033371703125 0.3139805640625 0.701424840625 0.3000009203125 0.705990684375 0.2950363453125 0.7365814140625 0.2705258609375 0.764992725 0.2950513265625 0.7713760796875
0 0.364118471875 0.6885112046875 0.35775109375 0.6913196171875 0.34238362968749997 0.7028978125 0.3711590078125 0.7190071125 0.38455193906249996 0.71189994375 0.364118471875 0.6885112046875
0 0.35906745 0.688338934375 0.34245509531249996 0.6988661453125 0.335801853125 0.7178012296875 0.3374190546875 0.7334885421874999 0.36969971875 0.73005113125 0.383750828125 0.72145361875 0.38147545 0.7072566484375 0.35906745 0.688338934375
0 0.42227091874999995 0.7580657953125 0.429510871875 0.7416720359375 0.424745715625 0.7253730968750001 0.39458251718750004 0.7162761484375 0.38440900624999996 0.719963278125 0.3518424765625 0.7395273578125 0.351041365625 0.749081034375 0.372934121875 0.76142575625 0.4044136765625 0.767542021875 0.42227091874999995 0.7580657953125
0 0.571782103125 0.6633208953125 0.5626955687499999 0.6413276781249999 0.5563846765625 0.605309759375 0.5530937890625001 0.6127614703125001 0.5430632109375 0.6083852624999999 0.5490882375 0.6605298515625 0.5417768171875 0.680955278125 0.5480012624999999 0.6862101968750001 0.56322579375 0.6826953375 0.571782103125 0.6633208953125