0 0.5322265625 0.6598677875 0.54296875 0.682037259375 0.55078125 0.7211598546875 0.55078125 0.7681069703125 0.5615234375 0.7694110578125 0.5703125 0.757674278125 0.572265625 0.5411959140625 0.5673828125 0.5346754796875001 0.5556640625 0.5346754796875001 0.5107421875 0.49033653906249997 0.4775390625 0.47729567343749996 0.4462890625 0.47729567343749996 0.4248046875 0.48772836562500005 0.416015625 0.49946514531249997 0.396484375 0.55162860625 0.392578125 0.60118389375 0.39453125 0.7055108171875 0.388671875 0.7420252406250001 0.3935546875 0.7511538468750001 0.3994140625 0.7511538468750001 0.41015625 0.7263762015624999 0.4140625 0.666388221875 0.4208984375 0.65465144375 0.4541015625 0.6963822125 0.4677734375 0.70420673125 0.4736328125 0.6963822125 0.4765625 0.7002944703125 0.490234375 0.7524579328125001 0.48046875 0.817662259375 0.494140625 0.817662259375 0.50390625 0.802013221875 0.517578125 0.7446334140624999 0.513671875 0.7029026453125 0.5322265625 0.6598677875
0 0.3515625 0.48120793281249996 0.361328125 0.4525180296875 0.361328125 0.423828125 0.34765625 0.3612319703125 0.3349609375 0.344278846875 0.3154296875 0.33123798125000004 0.3037109375 0.33123798125000004 0.2822265625 0.344278846875 0.271484375 0.36644831718750004 0.26953125 0.4316526453125 0.279296875 0.46555889375000004 0.283203125 0.5098978375 0.2880859375 0.5138100953125 0.2919921875 0.50076923125 0.296875 0.53337139375 0.314453125 0.5724939906250001 0.3212890625 0.5790144234375 0.333984375 0.5777103375 0.341796875 0.559453125 0.341796875 0.5438040859375 0.361328125 0.504681490625 0.3515625 0.48120793281249996
0 0.5380859375 0.445997596875 0.544921875 0.4420853375 0.541015625 0.4264362984375 0.5439453125 0.409483171875 0.5908203125 0.4146995203125 0.6123046875 0.40426682812500003 0.61328125 0.44469350937499996 0.6201171875 0.44860576874999997 0.6259765625 0.43556490468750003 0.6357421875 0.44860576874999997 0.64453125 0.43947716249999996 0.658203125 0.410787259375 0.662109375 0.38992187500000003 0.677734375 0.36644831718750004 0.671875 0.342974759375 0.6591796875 0.3208052890625 0.6357421875 0.3025480765625 0.5712890625 0.28168269218750003 0.5458984375 0.2868990390625 0.5068359375 0.31298076875 0.498046875 0.3403665859375 0.498046875 0.369056490625 0.5 0.3794891828125 0.51171875 0.3925300484375 0.517578125 0.45512620156250005 0.525390625 0.45773437499999997 0.529296875 0.45512620156250005 0.5283203125 0.4173076921875 0.53515625 0.4420853375 0.5380859375 0.445997596875
0 0.8115234375 0.50076923125 0.818359375 0.4968569703125 0.8203125 0.44990985468750005 0.826171875 0.43947716249999996 0.830078125 0.4055709140625 0.822265625 0.342974759375 0.8115234375 0.3286298078125 0.7998046875 0.3234134609375 0.7841796875 0.326021634375 0.7255859375 0.3625360578125 0.697265625 0.40296274062500004 0.66015625 0.48381610625000004 0.6611328125 0.49033653906249997 0.67578125 0.4942487984375 0.671875 0.5151141828125 0.6845703125 0.5294591359374999 0.6943359375 0.5294591359374999 0.7333984375 0.48772836562500005 0.7412109375 0.47207932656249996 0.7607421875 0.461646634375 0.771484375 0.47859975937500004 0.78125 0.5281550484374999 0.7880859375 0.539891828125 0.79296875 0.5385877406249999 0.7890625 0.46816706718749995 0.8095703125 0.4564302890625 0.80859375 0.4968569703125 0.8115234375 0.50076923125
0 0.6884765625 0.35731971093750003 0.666015625 0.3847055296875 0.65234375 0.4264362984375 0.658203125 0.470775240625 0.662109375 0.470775240625 0.697265625 0.4003545671875 0.720703125 0.36644831718750004 0.7177734375 0.3547115390625 0.6884765625 0.35731971093750003
0 0.8115234375 0.29472355625 0.7880859375 0.292115384375 0.7666015625 0.3025480765625 0.74609375 0.3247175484375 0.7421875 0.3403665859375 0.7470703125 0.34688701875 0.7919921875 0.3234134609375 0.8154296875 0.33123798125000004 0.826171875 0.3534074515625 0.830078125 0.376881009375 0.828125 0.4264362984375 0.833984375 0.4290444703125 0.841796875 0.3794891828125 0.841796875 0.3247175484375 0.8271484375 0.30515625 0.8115234375 0.29472355625
0 0.8818359375 0.31819711562499997 0.8447265625 0.326021634375 0.84375 0.3742728375 0.857421875 0.376881009375 0.8583984375 0.3964423078125 0.86328125 0.3742728375 0.8701171875 0.3703605765625 0.876953125 0.3820973546875 0.8720703125 0.406875 0.87890625 0.4003545671875 0.8857421875 0.37557692343750004 0.890625 0.4081790859375 0.896484375 0.4003545671875 0.89453125 0.376881009375 0.900390625 0.335150240625 0.8818359375 0.31819711562499997
0 0.8359375 0.3142848546875 0.8388671875 0.3208052890625 0.8515625 0.3247175484375 0.890625 0.3168930296875 0.8681640625 0.292115384375 0.8525390625 0.292115384375 0.8359375 0.3142848546875
0 0.7607421875 0.28168269218750003 0.7412109375 0.28168269218750003 0.7255859375 0.2895072125 0.71484375 0.301243990625 0.7109375 0.32210937500000003 0.701171875 0.33775841406249996 0.7265625 0.3455829328125 0.7412109375 0.344278846875 0.7529296875 0.3155889421875 0.783203125 0.29341947031250004 0.7607421875 0.28168269218750003
0 0.6748046875 0.34688701875 0.681640625 0.3455829328125 0.69921875 0.33775841406249996 0.6748046875 0.3155889421875 0.66015625 0.3195012015625 0.6748046875 0.34688701875
0 0.6787109375 0.30515625 0.6630859375 0.310372596875 0.662109375 0.3247175484375 0.6796875 0.34819110625 0.6982421875 0.3416706734375 0.708984375 0.3247175484375 0.7109375 0.30906850937499997 0.6787109375 0.30515625
0 0.6533203125 0.2608173078125 0.6337890625 0.266033653125 0.623046875 0.28037860625 0.6240234375 0.29733173125 0.6513671875 0.31298076875 0.662109375 0.3116766828125 0.6982421875 0.2999399046875 0.701171875 0.29081129843750003 0.6826171875 0.273858171875 0.6533203125 0.2608173078125
0 0.4794921875 0.3077644234375 0.466796875 0.3247175484375 0.470703125 0.34819110625 0.46875 0.3847055296875 0.4736328125 0.3781850953125 0.482421875 0.3847055296875 0.48828125 0.3325420671875 0.5 0.3142848546875 0.4951171875 0.3077644234375 0.4794921875 0.3077644234375