0 0.734375 0.6050274453125 0.7373046875 0.6089308484375 0.744140625 0.6050274453125 0.744140625 0.5633911484375 0.755859375 0.5217548515625 0.751953125 0.4723117484375 0.748046875 0.46190267343749997 0.7294921875 0.442385659375 0.7021484375 0.44759019687499996 0.6552734375 0.4762151515625 0.626953125 0.516550315625 0.607421875 0.5607888796875 0.587890625 0.5894138359375 0.5927734375 0.598521775 0.6083984375 0.60112404375 0.60546875 0.6232433265624999 0.6123046875 0.6323512671875 0.6220703125 0.634953534375 0.6533203125 0.6063285796875 0.6708984375 0.5803058953125 0.6845703125 0.5751013578124999 0.6865234375 0.5881127 0.6953125 0.584209296875 0.708984375 0.6388569375 0.716796875 0.64145920625 0.712890625 0.5816070296875 0.7177734375 0.5724990890625 0.7333984375 0.5672945515625 0.734375 0.6050274453125
0 0.994140625 0.5139480453124999 0.986328125 0.49312989687500003 0.9716796875 0.4762151515625 0.9443359375 0.46580607656249995 0.9248046875 0.4762151515625 0.9111328125 0.4944310328125 0.890625 0.500936703125 0.8955078125 0.5100446421875 0.91015625 0.5139480453124999 0.908203125 0.532163925 0.927734375 0.5659934171875001 0.931640625 0.6076297140625 0.939453125 0.6076297140625 0.9462890625 0.58551043125 0.953125 0.6024251781250001 0.955078125 0.6388569375 0.970703125 0.64145920625 0.974609375 0.6388569375 0.974609375 0.6050274453125 0.9921875 0.54517526875 0.994140625 0.5139480453124999
0 0.4794921875 0.5620900140625 0.482421875 0.5581866125 0.4794921875 0.5230559859375 0.5244140625 0.5282605234375 0.5439453125 0.5178514484375001 0.548828125 0.5217548515625 0.548828125 0.5555843421875 0.5537109375 0.559487746875 0.5595703125 0.5464764015625 0.5654296875 0.5646922828125 0.5859375 0.532163925 0.59375 0.5035389703125001 0.603515625 0.487925359375 0.603515625 0.45930040468750005 0.5869140625 0.4345788546875 0.5693359375 0.4215675109375 0.5107421875 0.4007493609375 0.4775390625 0.40855616718750004 0.4345703125 0.43718112187499997 0.427734375 0.4514935984375 0.42578125 0.487925359375 0.4326171875 0.507442375 0.4384765625 0.5100446421875 0.4443359375 0.5022378375 0.44921875 0.5035389703125001 0.455078125 0.532163925 0.455078125 0.5633911484375 0.466796875 0.5659934171875001 0.4658203125 0.533465059375 0.470703125 0.5373684640625 0.474609375 0.5555843421875 0.4794921875 0.5620900140625
0 0.4697265625 0.7598624265625 0.474609375 0.7637658296875001 0.484375 0.794993053125 0.490234375 0.8288225453125 0.490234375 0.8626520359375001 0.5029296875 0.8587486328124999 0.5078125 0.84964069375 0.50390625 0.8236180078125 0.509765625 0.7195272640625 0.505859375 0.644061475 0.4951171875 0.642760340625 0.4736328125 0.6193399234375 0.4365234375 0.5933172375 0.4111328125 0.58551043125 0.3857421875 0.5881127 0.361328125 0.6050274453125 0.341796875 0.65447055 0.337890625 0.698709115625 0.337890625 0.8210157390624999 0.3486328125 0.824919140625 0.35546875 0.8132089328125 0.357421875 0.7689703671875 0.3623046875 0.7546578890625 0.3974609375 0.79369191875 0.4091796875 0.7962941859375 0.4150390625 0.79108965 0.4296875 0.8418338875 0.421875 0.9068906015625 0.43359375 0.9094928703124999 0.443359375 0.896481528125 0.455078125 0.8470384234375 0.453125 0.797595321875 0.4697265625 0.7598624265625
0 0.30078125 0.597220640625 0.30078125 0.5790047609375 0.30859375 0.5633911484375 0.306640625 0.516550315625 0.294921875 0.47491401718750004 0.2685546875 0.450192465625 0.2548828125 0.44759019687499996 0.2353515625 0.457999271875 0.22265625 0.482720821875 0.220703125 0.542573 0.23046875 0.576402490625 0.234375 0.6128342515625 0.2421875 0.610231984375 0.244140625 0.6310501328125 0.263671875 0.6778909671875 0.283203125 0.680493234375 0.291015625 0.64666374375 0.30859375 0.6128342515625 0.30859375 0.6050274453125 0.30078125 0.597220640625
0 0.4189453125 0.42677204843750005 0.408203125 0.44368679375 0.412109375 0.46450494375 0.41015625 0.49833443437499997 0.4130859375 0.49963556875000004 0.4169921875 0.48922649375000005 0.419921875 0.49833443437499997 0.423828125 0.49833443437499997 0.427734375 0.44889133125 0.44140625 0.43067545 0.4287109375 0.4241697796875 0.4189453125 0.42677204843750005
0 0.5693359375 0.38513575 0.556640625 0.39944822812499997 0.5576171875 0.4163629734375 0.58984375 0.43067545 0.6328125 0.41506183906249994 0.6240234375 0.4007493609375 0.5888671875 0.3825334828125 0.5693359375 0.38513575
0 0.6708984375 0.4007493609375 0.6494140625 0.41376070625 0.630859375 0.45409586874999996 0.6416015625 0.4606015390625 0.662109375 0.45930040468750005 0.6708984375 0.457999271875 0.6787109375 0.4345788546875 0.708984375 0.4098573015625 0.6708984375 0.4007493609375
0 0.6923828125 0.4215675109375 0.6806640625 0.4319765859375 0.671875 0.44889133125 0.671875 0.45930040468750005 0.6787109375 0.46320380781250003 0.7119140625 0.442385659375 0.7314453125 0.442385659375 0.7529296875 0.4684083453125 0.7578125 0.4671072109375 0.759765625 0.43848225625000004 0.7412109375 0.4163629734375 0.7236328125 0.4111584375 0.6923828125 0.4215675109375
0 0.8037109375 0.43718112187499997 0.7841796875 0.43718112187499997 0.7646484375 0.44498792812500004 0.76171875 0.44889133125 0.763671875 0.487925359375 0.7919921875 0.4866242265625 0.796875 0.49573216562500005 0.7939453125 0.5178514484375001 0.798828125 0.5139480453124999 0.80078125 0.49573216562500005 0.8056640625 0.48922649375000005 0.80859375 0.5191525828125 0.8125 0.5191525828125 0.81640625 0.47751628593750006 0.822265625 0.46450494375 0.8203125 0.4514935984375 0.8037109375 0.43718112187499997
0 0.7724609375 0.4111584375 0.759765625 0.4280731828125 0.759765625 0.4358799890625 0.7666015625 0.442385659375 0.7734375 0.44108452500000006 0.8095703125 0.439783390625 0.810546875 0.43327772031249995 0.7900390625 0.4111584375 0.7724609375 0.4111584375
0 0.6484375 0.4723117484375 0.6494140625 0.4788174203125 0.654296875 0.47751628593750006 0.673828125 0.46190267343749997 0.6708984375 0.457999271875 0.6552734375 0.4606015390625 0.6484375 0.4723117484375
0 0.599609375 0.45409586874999996 0.6064453125 0.46320380781250003 0.611328125 0.46190267343749997 0.62890625 0.45409586874999996 0.6083984375 0.4345788546875 0.5927734375 0.4345788546875 0.599609375 0.45409586874999996
0 0.595703125 0.43067545 0.630859375 0.4514935984375 0.640625 0.44108452500000006 0.6376953125 0.4241697796875 0.6201171875 0.41896524218750003 0.595703125 0.43067545