0 0.4870772234375 0.2987534015625 0.4839467984375 0.30250697031249996 0.4785049578125 0.29438651875 0.46444231562500005 0.30148478437500004 0.42910067500000004 0.3414206453125 0.4228883609375 0.3293421859375 0.4221269921875 0.26923198125000003 0.4126962890625 0.2439260890625 0.40684494375 0.2436194328125 0.40149106874999996 0.2524799828125 0.40543139687499996 0.2892510203125 0.3980208984375 0.3933327484375 0.39932827187500003 0.44302455937499996 0.41610273124999997 0.49613871875 0.42426549218750004 0.5083193984375 0.44517441875 0.5198621984375 0.4763815921875 0.521497696875 0.51022171875 0.5102124203125 0.5574025515625001 0.46828527343750004 0.569105240625 0.4688985859375 0.5743226156250001 0.46264263437500003 0.58370176875 0.246358728125 0.5755390078125 0.2341780484375 0.564743290625 0.23491814687499998 0.56228626875 0.281800921875 0.55243695625 0.3204610265625 0.54054923125 0.3420379140625 0.5242722421875 0.29809095625 0.5303571578125 0.256621815625 0.519707046875 0.1986051140625 0.5107738125 0.1824664296875 0.497120675 0.1817508984375 0.5034603859375 0.247376959375 0.4870772234375 0.2987534015625
0 0.2988999 0.4560436 0.2923175140625 0.48834553593749996 0.2890991234375 0.47511810624999995 0.28401825 0.4787694546875 0.2777968328125 0.522843196875 0.266270075 0.556191884375 0.2648079921875 0.6214090718749999 0.27437519843749997 0.6441103609375001 0.2951476234375 0.6582577609375 0.3068503125 0.6588710718749999 0.3270373015625 0.6468702656249999 0.34060247499999996 0.6306047968749999 0.3575316421875 0.568809959375 0.35903315625 0.5401593734375 0.350782428125 0.5109976953124999 0.3617631796875 0.4880674 0.34430621562499997 0.447976234375 0.3451252234375 0.43234864218749997 0.3382789390625 0.413707575 0.325669275 0.4117408546875 0.318501453125 0.4178945875 0.2988999 0.4560436
0 0.4936929515625 0.6203456609375 0.4911964984375 0.6306618375 0.489694984375 0.6593124234375 0.49703873906249996 0.6871206937500001 0.5346826921875001 0.7152110515625 0.55976551875 0.7217490921875 0.625222321875 0.7042855203125 0.6495832109374999 0.6872799515625 0.6634213859375 0.6658052859375 0.6705012406249999 0.642670553125 0.656126165625 0.618411415625 0.6533172796875 0.5973701890625 0.6411656546875 0.5680040749999999 0.632866390625 0.55842799375 0.6224316437499999 0.57093989375 0.6172628046875 0.5576102453125 0.6102314843750001 0.5611593781249999 0.607140490625 0.601479546875 0.5862315640625 0.5899367468750001 0.5391478015625 0.5926926984375 0.5371093874999999 0.5756094765624999 0.5418292921875 0.5601863218750001 0.535207475 0.555921659375 0.53207705 0.5596752281249999 0.52395371875 0.5840611515624999 0.5269082109375 0.5463455796875001 0.523143815625 0.5435365437499999 0.515205521875 0.5457322687499999 0.506078146875 0.6079359796875 0.4936929515625 0.6203456609375
0 0.7699923125 0.53557930625 0.7583775890625 0.5519469953125 0.7394191109375 0.5405064140625 0.732436325 0.524469946875 0.695611378125 0.48075199375000005 0.6858591374999999 0.48024089999999997 0.6724304671875 0.49390177343749997 0.675239353125 0.5149429999999999 0.6604062390625 0.5180832578125 0.6590897625000001 0.5245436453125001 0.6919167421875 0.6072283578125 0.7180824734375 0.6490818078125 0.7746849046875 0.68861275 0.790151990625 0.6920350984375 0.8021276828125 0.6874392125 0.8136059046874999 0.673676121875 0.824683728125 0.611574628125 0.8225573468749999 0.577510409375 0.8172520078125001 0.5667853593750001 0.81775858125 0.5198003640625 0.8111367640625 0.5155357 0.8080063390625 0.519289271875 0.8068657953124999 0.5597116578125 0.7870003421875 0.54691766875 0.7945867734375 0.47679794218750005 0.789778903125 0.4752400953125 0.782338078125 0.48660302499999997 0.7699923125 0.53557930625
0 0.659754059375 0.62382505 0.680750953125 0.6523488515625 0.7098711765625 0.6564867296875 0.7134111046875 0.6449193640625001 0.691780240625 0.6098329578125 0.6603577046875 0.53766885625 0.6564568078125 0.5374644203125001 0.6482849421875 0.581435940625 0.659754059375 0.62382505
0 0.8180528062500001 0.663462165625 0.8061650796875 0.68503905 0.782350196875 0.6916262234375 0.738718396875 0.66583380625 0.7335010234375 0.67208975625 0.7365829125000001 0.6879217843750001 0.755902359375 0.7111341703125 0.7768112859375 0.7226769703125 0.8003531671875 0.721298996875 0.8165027578125 0.71169835 0.8321548796875 0.6929305 0.8350214046875 0.638233928125 0.8298131359375001 0.5883376796875 0.8238252890625001 0.5906356203125 0.8231822140625 0.6402252140625 0.8180528062500001 0.663462165625
0 0.8666866171875001 0.61247003125 0.8702659765625 0.637469265625 0.8628251515625 0.64883219375 0.8562033343750001 0.6445675296875 0.8524874734375001 0.6221728953125 0.850488490625 0.6416562765625 0.8366988515625 0.6435453421874999 0.835148803125 0.691781528125 0.8717978171875 0.701537478125 0.891214334375 0.6855786640625 0.8875470078125 0.6435984312499999 0.8907259671875 0.6202592609375001 0.8852841265625001 0.612138809375 0.878701740625 0.6444407453125 0.8731719328124999 0.61933929375 0.8666866171875001 0.61247003125
0 0.8411760796875001 0.7260501859375 0.856779665625 0.7268679359375 0.8805065843750001 0.7032997609375 0.841907121875 0.6934415921875 0.8290244546875 0.69668406875 0.8257575296875 0.7030422390625 0.8411760796875001 0.7260501859375
0 0.704147228125 0.709727675 0.7142604390625 0.7220105703125 0.7294545218749999 0.7306421171874999 0.7489590046875 0.731664303125 0.772003415625 0.721119125 0.7429317265625001 0.6973956453125 0.7327305515625 0.6681317484375 0.7181704390625 0.666062809375 0.6924051078125 0.6725477625 0.7013383421875 0.6886864484374999 0.704147228125 0.709727675
0 0.6649137953125 0.6933069 0.6904546593750001 0.67244554375 0.673310128125 0.6637117796875 0.666551809375 0.662051715625 0.650490184375 0.6886333609374999 0.6649137953125 0.6933069
0 0.6682686859375 0.7039297312499999 0.7006558359375 0.7017094421875 0.69952439375 0.6859796296875 0.6896841874999999 0.6684875359375 0.67149618125 0.6610049625000001 0.652713634375 0.6835263828125 0.652938103125 0.697902784375 0.6682686859375 0.7039297312499999
0 0.6113841484375 0.7257601859375 0.62136085625 0.7406476828125 0.6405923375 0.7468790656250001 0.67053156875 0.735389353125 0.6899480859375 0.7194305375 0.6875001671875001 0.7101611140624999 0.652031128125 0.6965493765625 0.6413719140625 0.694684875 0.6132466296875 0.7088814046875 0.6113841484375 0.7257601859375
0 0.4627982125 0.650067565625 0.4576688046875 0.673304515625 0.469459459375 0.690898828125 0.485063046875 0.691716578125 0.4902804203125 0.6854606296875 0.4795332390625 0.6666151250000001 0.47641191875000005 0.6142164953125 0.4672936484375 0.6202680093749999 0.46275878125 0.6135009640625 0.4627982125 0.650067565625